15 8 5 2 16 13 6 10 12 4 7 3 14 0 1 9 11
12 6 13 7 8 0 10 15 1 9 3 2 16 5 4 11 14
10 15 8 0 5 4 11 6 16 13 3 1 2 14 12 7 9
8 6 0 11 1 12 14 4 15 2 10 13 9 16 7 5 3
13 5 7 3 0 10 6 11 16 8 4 15 9 1 14 12 2
16 5 0 6 14 7 9 3 15 13 12 8 1 10 2 4 11
12 14 11 13 8 16 9 2 1 4 3 7 0 5 10 15 6
9 6 12 4 3 7 5 8 2 10 14 16 1 15 13 0 11
16 13 14 6 8 15 0 11 12 10 2 5 1 7 9 4 3
6 13 1 12 3 16 9 4 14 0 7 8 2 15 10 11 5
10 4 2 1 14 0 15 13 11 8 12 7 9 3 6 5 16
0 5 7 12 14 1 9 3 11 15 2 4 10 8 13 16 6
10 0 2 12 11 9 1 13 3 8 14 5 16 15 7 4 6
3 8 14 16 7 9 6 15 11 12 0 5 4 10 2 1 13
10 2 8 1 11 14 0 12 15 7 16 13 9 5 6 4 3
7 5 2 16 13 8 11 10 9 14 15 12 4 1 3 6 0
10 3 6 1 13 8 2 5 11 12 9 4 0 16 7 15 14
15 11 9 5 1 16 10 3 0 13 7 2 8 4 14 12 6
7 14 16 2 6 0 5 10 9 15 11 8 4 1 13 12 3
11 15 12 16 2 6 8 5 14 13 9 10 7 1 0 4 3
8 4 0 15 14 6 5 7 10 11 13 3 2 12 1 16 9
0 2 3 9 10 12 7 11 5 16 6 1 4 15 14 13 8
16 12 11 5 0 10 3 9 4 7 14 8 1 2 6 15 13
7 5 8 10 13 11 0 3 1 15 16 2 6 14 12 9 4
2 16 11 12 0 7 4 14 3 10 5 1 8 9 13 15 6
13 2 8 15 4 6 14 16 5 3 12 9 0 11 10 1 7
15 6 16 11 4 3 2 14 0 12 7 1 10 5 9 13 8
16 15 7 13 5 12 4 8 6 11 1 14 0 2 9 3 10
0 15 12 13 11 3 2 14 5 10 4 1 6 7 8 16 9
13 11 6 8 12 14 3 15 10 4 2 1 16 9 7 5 0
